P_rect_00: 7.215377e+02 0.000000e+00 6.095593e+02 0.000000e+00 
	     0.000000e+00 7.215377e+02 1.728540e+02 0.000000e+00 
	     0.000000e+00 0.000000e+00 1.000000e+00 0.000000e+00

P_rect_01: 7.215377e+02 0.000000e+00 6.095593e+02 -3.875744e+02 0.000000e+00 7.215377e+02 1.728540e+02 0.000000e+00 0.000000e+00 0.000000e+00 1.000000e+00 0.000000e+00


P_rect_02:  7.215377e+02 0.000000e+00 6.095593e+02 4.485728e+01 
	      0.000000e+00 7.215377e+02 1.728540e+02 2.163791e-01 
		0.000000e+00 0.000000e+00 1.000000e+00 2.745884e-03

P_rect_03:  7.215377e+02 0.000000e+00 6.095593e+02 -3.395242e+02 
		0.000000e+00 7.215377e+02 1.728540e+02 2.199936e+00 
		0.000000e+00 0.000000e+00 1.000000e+00 2.729905e-03

R_rect_00: 9.999239e-01 9.837760e-03 -7.445048e-03 -9.869795e-03 9.999421e-01 -4.278459e-03 7.402527e-03 4.351614e-03 9.999631e-01
